step: 0	0	(0, 1)
step: 1	0.5	(0.125, 1.64844)
step: 2	1	(0.5, 2.71735)
